# Pi Value with number of decimal digits:997
3.14159265358979323846264338327950288419716939937510582097494459230781640628620899
862803482534211706798214808651328230664709384460955058223172535940812848111745028410
270193852110555964462294895493038196442881097566593344612847564823378678316527120190
914564856692346034861045432664821339360726024914127372459221995561962747232862485381
588389169209525792578846876437449731132631278654309188829033495284399363829710045490
163331245098932441723461545206609888611744506242120006585718897944729433009738901786
678312985061569736517813386358745157229253618574768640687033672447803539326904325414
047166999515123497915065600950036211681737561008186959166172180526357799787076420298
847258026077931939069510719384749642157444508904945585720135260366323225417363352637
422758380493939901392252325808615897620846735043808944661351292846514800871485704591
738191336279558270800890398144679220895015181526993860329208916206851115814679072701
672474437784278311533006643328327731644130304889007952769550803791510714394085622594
889317077402424541861041356797203438297435339740764682028828843925621177063498536529
137674600284707040731305996891328234039207211574699171029163544874994988567316797213
211559960397393561737423309019300057844007107318437917458481163126520148442887225581
774875287225260042231620846715531073477233145417398145811062250954017718745252871377
413602349162065665863115619413447857186960554821168210972877819338420503323046241789
109483580342770706606605621477450929510358375716368329797935481622114553254870398387
711740374386887927057536521788751439669600992362219487851291545648546038411069145892
990185033441478775077568927429315621019887662295246033413605054509876751907614915817
262994115191160751833884791110203874548979668307387890592719015723116448915264189808
120434244759061134770279500332207053171538575048758276608534125780122202424884888175
970565809364983099253701905942811211436481274733421454647131340864506241248438929042
722375643446160452569507308984160612217284849637673996519236387661589523331209578520
013997209364614678035253279878873652002732531959006572371094050313560999615650478913
398720503552600113309049944437500926114947034600195796661549104138344992659422300092
502795482932731679364515596882537192907174946304705963607491441599845302938227279589
722650076111564642695796838012784492319401551534059812314687548117873868793728234858
396162716102141354560551762497580324503153368907633889288804888011436686664926959107
480373818852009463030297690070869582859091288519057313931975414383042854671040564296
275031851241763533962534931243544417164697418328385987566095511790613883590114147453
357209326086515359984575520555923117412224181634984374950809989401669861101747949477
485851067611200196778221341057684613767023996181063541166133902007774541051907477582
055266176421326557207817695668125054156747713081303156906875490016843615137616285346
883537428104167518684193602415524368709443272846923176064338451587138284459057392104
875454915788787281108559695261108579062020487279230674558399005327661451554496012560
918821380429673964122886704081295931204557900231576406247475056014610141454137105167
629495668994903816142804728885707344977029835284868434123596621011235885704287636295
661672740245263821005218701554922927737421879631794860324718824988129085894264469728
446744814288662759462947030748689501194344704811252332677267259832466393749003714846
433226669151165285219167655694892853069431764520318700044333062485969441689137541904
380870991617702718915038534055902986019461464463501610791061801728044779142072517438
374225685203952939914394990313129451131301081612741167759369409550493265222366414179
023606674255462939130851245233016901139134862933428604118872671736757062629425962313
701273984550360158942352583074756607688661606088078951035960780581993942433389789967
818154871072015650429027776550458047012767560179121286349939758033659362006007690692
337060928878576761955617939282819956995358998825135832897641136176116280944535923954
60891004410745477573686509515894409333718733
